  -9.9999999999999978E-002   2.6415414432050754E-002   9.9636774066442254E-004
  0.80100000000000005       0.10601559045942739        2.0879808294106046E-003
   1.7020000000000000       0.19138058770443728        2.8958100278292909E-003
   2.6029999999999998       0.27848964418664124        3.5302694596817939E-003
   3.5039999999999996       0.36403861004824345        4.2144601662513362E-003
   4.4049999999999994       0.49297131967793240        2.0121816934185358E-002
   5.3059999999999992       0.57663420405711163        5.5558388393143528E-003
   6.2069999999999990       0.87869245608076296        7.7886893684242758E-002
   7.1079999999999988       0.90610091724908393        1.5462411659250011E-002
   8.0089999999999986       0.98599185901598707        1.7784372547693439E-002
   8.9099999999999984        1.1447919461311333        1.5704968901816597E-002
   9.8109999999999982        1.2360083431161932        1.4536400695279696E-002
   10.711999999999998        1.2960519684550291        1.3097759787691248E-002
   11.612999999999998        1.4427506323138510        1.7976087972173972E-002
   12.513999999999998        1.5142900211736379        1.4475090553652949E-002
   13.414999999999997        1.6437448702929285        1.4464804459302517E-002
   14.315999999999997        1.7478626840816585        1.4937321033888428E-002
   15.216999999999999        1.8481398490827976        1.7401784486807934E-002
   16.117999999999999        1.9226399475250491        1.4240774328688898E-002
   17.018999999999998        2.0471927865557644        1.5398827604250312E-002
   17.919999999999998        2.1543580000279507        1.5265214130264120E-002
   18.820999999999998        2.2655987543195808        1.6079037039695678E-002
   19.721999999999998        2.3332770549257629        1.5258575867241981E-002
   20.622999999999998        2.4404327719535037        1.5464100161306258E-002
   21.523999999999997        2.5379369312615174        1.5720926714234650E-002
   22.424999999999997        2.6246930531913377        1.5898126255696879E-002
   23.325999999999997        2.7157048605232110        1.6292966209514696E-002
   24.226999999999997        2.8148758411634209        1.6285322696631330E-002
   25.127999999999997        2.9097057364183478        1.6507933641754787E-002
   26.028999999999996        2.9979348749082448        1.6687292305414658E-002
   26.929999999999996        3.1282766770655037        1.7568256889761467E-002
   27.830999999999996        3.2181170077215477        1.7387581848467178E-002
   28.731999999999996        3.2437657388910406        1.7303234656673341E-002
   29.632999999999996        3.3640941449277117        1.7948679364903783E-002
   30.533999999999995        3.4397695225420333        1.8188616513268127E-002
   31.434999999999999        3.5247208504188325        1.8497191150946425E-002
   32.335999999999999        3.6513415934402236        1.8722843607664779E-002
   33.237000000000002        3.6792892008327653        1.8494159336886556E-002
   34.138000000000005        3.7821460335887367        1.8959107288345461E-002
   35.039000000000009        3.8344007076927951        1.9032197952443559E-002
   35.940000000000012        3.9217229676904322        1.9269558962206144E-002
   36.841000000000015        4.0373766301466478        1.9756738585248648E-002
   37.742000000000019        4.0468760544964786        1.9612072485623716E-002
   38.643000000000022        4.1458165977751200        1.9950589280989063E-002
   39.544000000000025        4.2519233974935950        2.0358008560919721E-002
   40.445000000000029        4.2677754542453554        2.0304507370221180E-002
   41.346000000000032        4.3757713520621220        2.0527782054900221E-002
   42.247000000000035        4.4493123006641468        2.0883286726515994E-002
   43.148000000000039        4.5062399510360684        2.1038870850939008E-002
   44.049000000000042        4.6043872017102556        2.1432318058257311E-002
   44.950000000000045        4.6360391102929794        2.1638169361862299E-002
   45.851000000000049        4.7359213786564673        2.1743880452322600E-002
   46.752000000000052        4.7888926226893735        2.2150617422143821E-002
   47.653000000000056        4.8070495612202402        2.2101291422241813E-002
   48.554000000000059        4.9027314369495629        2.2507484865480001E-002
   49.455000000000062        4.9977731666680123        2.2812682442117437E-002
   50.356000000000066        4.9678620199071410        2.2778006014697871E-002
   51.257000000000069        5.0339963016598590        2.3017157981605287E-002
   52.158000000000072        5.1341051500206909        2.3351746868313570E-002
   53.059000000000076        5.1904900581338458        2.3698827641723919E-002
   53.960000000000079        5.2353609168623070        2.3841980889030241E-002
   54.861000000000082        5.3448355289685558        2.4160786823639820E-002
   55.762000000000086        5.3867165767528631        2.4552275886036694E-002
   56.663000000000089        5.3641595421187676        2.4514535466052961E-002
   57.564000000000092        5.4317947782229528        2.4671198872743910E-002
   58.465000000000096        5.4933044079130795        2.5026500631421970E-002
   59.366000000000099        5.5357669660841378        2.5179395345324540E-002
   60.267000000000102        5.5521806392252415        2.5271611364226714E-002
   61.168000000000106        5.6068820995602318        2.5428896775100983E-002
   62.069000000000109        5.6820054388189742        2.5936884171090541E-002
   62.970000000000113        5.7058215524655909        2.6028047204453609E-002
   63.871000000000116        5.7693624477667171        2.6374319383723421E-002
   64.772000000000119        5.7605473941714118        2.6276900359531164E-002
   65.673000000000116        5.7726374513397616        2.6508343821634996E-002
   66.574000000000112        5.8647488115164537        2.6869121781205468E-002
   67.475000000000108        5.8671994298337493        2.6997169568811461E-002
   68.376000000000104        5.9112599560677852        2.7090508632786520E-002
   69.277000000000100        5.9550050113267989        2.7291587178021326E-002
   70.178000000000097        5.9600372586447428        2.7507647266813887E-002
   71.079000000000093        5.9840852648501679        2.7692214810181189E-002
   71.980000000000089        5.9772053306663873        2.7738329344250939E-002
   72.881000000000085        5.9993178324027001        2.7787234335218184E-002
   73.782000000000082        6.0364622278188014        2.8046011282673870E-002
   74.683000000000078        6.0880608886650549        2.8300747947427988E-002
   75.584000000000074        6.0883738747012677        2.8357878950930303E-002
   76.485000000000070        6.1017348713179924        2.8468874887443839E-002
   77.386000000000067        6.1079018419459095        2.8573857023341198E-002
   78.287000000000063        6.1739539722349610        2.8835220567199105E-002
   79.188000000000059        6.1831602771041654        2.8883630799732735E-002
   80.089000000000055        6.1780550351838324        2.8968143700693588E-002
   80.990000000000052        6.1535826854042792        2.8879437224663705E-002
   81.891000000000048        6.2085227157810685        2.9141881444923978E-002
   82.792000000000044        6.1633983395364442        2.9088068439599879E-002
   83.693000000000040        6.1866054790331182        2.9115701932235449E-002
   84.594000000000037        6.2190752980340180        2.9295308162526984E-002
   85.495000000000033        6.2403374757185226        2.9259349400275414E-002
   86.396000000000029        6.2422553390381132        2.9316992405993558E-002
   87.297000000000025        6.2388955241257387        2.9312148987650565E-002
   88.198000000000022        6.1840678921168912        2.9219968442997384E-002
   89.099000000000018        6.1995836147459125        2.9313429278649304E-002
   90.000000000000014        6.2929902744810402        2.9493856331729153E-002
   90.901000000000010        6.1837019576298013        2.9270939814684961E-002
   91.802000000000007        6.2464316369269497        2.9365810835182839E-002
   92.703000000000003        6.1823821483276618        2.9137798919625663E-002
   93.603999999999999        6.1980800713639734        2.9142219029177935E-002
   94.504999999999995        6.1712130708072319        2.9042592517438289E-002
   95.405999999999992        6.2013758434182078        2.9093728789242389E-002
   96.306999999999988        6.1048932511363816        2.8789649908555398E-002
   97.207999999999984        6.1359314158184537        2.8819910155532508E-002
   98.108999999999980        6.1348953777606585        2.8807371611540414E-002
   99.009999999999977        6.0921691222689489        2.8629590224211309E-002
   99.910999999999973        6.0691560306026542        2.8558826823604808E-002
   100.81199999999997        6.0855766390478347        2.8416066080698389E-002
   101.71299999999997        6.0510375357002548        2.8296709440857135E-002
   102.61399999999996        6.0630649611446490        2.8220630383460159E-002
   103.51499999999996        6.0138790521030945        2.7958969256873984E-002
   104.41599999999995        6.0007456754210891        2.7841488321460446E-002
   105.31699999999995        5.9565712067445649        2.7736919757552471E-002
   106.21799999999995        5.9120133436267555        2.7454840752062538E-002
   107.11899999999994        5.8817359193120486        2.7249609991430713E-002
   108.01999999999994        5.9122721823368547        2.7279644267375423E-002
   108.92099999999994        5.8725262410478081        2.7081925747229577E-002
   109.82199999999993        5.8765002599745459        2.7008862362261295E-002
   110.72299999999993        5.8308117929241767        2.6727229410761808E-002
   111.62399999999992        5.7468514917250104        2.6412676996590456E-002
   112.52499999999992        5.6937995689680347        2.6151037266781453E-002
   113.42599999999992        5.7367695821263105        2.6119927509144717E-002
   114.32699999999991        5.6508803216698471        2.5839391535349070E-002
   115.22799999999991        5.6227710077636717        2.5700799389965803E-002
   116.12899999999991        5.5764338909652347        2.5443973743650993E-002
   117.02999999999990        5.5785755918926831        2.5345029653258681E-002
   117.93099999999990        5.4910381537489314        2.4976037682694487E-002
   118.83199999999989        5.4192545680099569        2.4691276993306224E-002
   119.73299999999989        5.4138020686746025        2.4562760383733756E-002
   120.63399999999989        5.3372488336132813        2.4226985013637476E-002
   121.53499999999988        5.3243842902226310        2.4139560694771516E-002
   122.43599999999988        5.2132399216232024        2.3750609351209290E-002
   123.33699999999988        5.1837424464125803        2.3564501373900874E-002
   124.23799999999987        5.1153658731034151        2.3263835751692157E-002
   125.13899999999987        5.1019312882453294        2.3142522787074585E-002
   126.03999999999986        5.0490074166137298        2.2905989496914237E-002
   126.94099999999986        4.9573856345235319        2.2567901377559658E-002
   127.84199999999986        4.9361602983922728        2.2422415012051149E-002
   128.74299999999985        4.8683394409569702        2.2156764479996611E-002
   129.64399999999986        4.8206726700429625        2.1932926556030824E-002
   130.54499999999987        4.7095338962306617        2.1588085407115386E-002
   131.44599999999988        4.6522102689661091        2.1348170912320982E-002
   132.34699999999989        4.6393831325987192        2.1204268954234912E-002
   133.24799999999991        4.5657608035762909        2.0965390355686873E-002
   134.14899999999992        4.4802851141049267        2.0649973676553419E-002
   135.04999999999993        4.4268111644674057        2.0433228641104625E-002
   135.95099999999994        4.3408131316583720        2.0147742101205082E-002
   136.85199999999995        4.2652243018446354        1.9848600061332572E-002
   137.75299999999996        4.2267893006421131        1.9686051139482606E-002
   138.65399999999997        4.1514242242361963        1.9425611425286458E-002
   139.55499999999998        4.0628600054188819        1.9153892988013527E-002
   140.45599999999999        3.9849413259036481        1.8864980987180351E-002
   141.35700000000000        3.8980131438778818        1.8596988832165050E-002
   142.25800000000001        3.8668296453738789        1.8477996344402642E-002
   143.15900000000002        3.7504089400046690        1.8107077069869880E-002
   144.06000000000003        3.6895716376905323        1.7902185372866287E-002
   144.96100000000004        3.5851258534217592        1.7590417185842505E-002
   145.86200000000005        3.5467132999699169        1.7415962871552983E-002
   146.76300000000006        3.4323230310695667        1.7073790725399249E-002
   147.66400000000007        3.3743323732823058        1.6903152456310015E-002
   148.56500000000008        3.2949106509929931        1.6630104398222295E-002
   149.46600000000009        3.1641708004220614        1.6257456402625416E-002
   150.36700000000010        3.0839157942741520        1.6002617257891379E-002
   151.26800000000011        3.0063558541429463        1.5744110919131041E-002
   152.16900000000012        2.9415619954350389        1.5550289563556339E-002
   153.07000000000014        2.8502254232408641        1.5269173500017162E-002
   153.97100000000015        2.7519880849636493        1.4979853165188130E-002
   154.87200000000016        2.6459784356752709        1.4651729149369583E-002
   155.77300000000017        2.5842775696795295        1.4449654250572696E-002
   156.67400000000018        2.5037960104497472        1.4182343903524543E-002
   157.57500000000019        2.4131743512652690        1.3909544526732110E-002
   158.47600000000020        2.2774777292924360        1.3494164763749863E-002
   159.37700000000021        2.2136155606814629        1.3285721048743600E-002
   160.27800000000022        2.1379726830474870        1.3041600988705755E-002
   161.17900000000023        2.0204190293585298        1.2660181121451801E-002
   162.08000000000024        1.9205677071323966        1.2332578099040164E-002
   162.98100000000025        1.8357267860214970        1.2053201432811288E-002
   163.88200000000026        1.7378085318902163        1.1733408975338630E-002
   164.78300000000027        1.6288479495412813        1.1352947562529279E-002
   165.68400000000028        1.5467187308748769        1.1059487355400485E-002
   166.58500000000029        1.4086181607442452        1.0567095921435225E-002
   167.48600000000030        1.3426942372144808        1.0315321025818941E-002
   168.38700000000031        1.2356010092585112        9.9079551388011975E-003
   169.28800000000032        1.1143472926819056        9.4145315396336922E-003
   170.18900000000033        1.0414580258114703        9.1270627802326233E-003
   171.09000000000034       0.94140380535988211        8.7013399474714249E-003
   171.99100000000035       0.83800447641450526        8.2391155255371589E-003
   172.89200000000037       0.73550691839121740        7.7362740281698679E-003
   173.79300000000038       0.63515249325080458        7.2193707947148626E-003
   174.69400000000039       0.52471142415702832        6.5906778336601406E-003
   175.59500000000040       0.43596811273196867        6.0544130383248709E-003
   176.49600000000041       0.33365989390428186        5.3372166197031340E-003
   177.39700000000042       0.22893605338248757        4.4787682274234917E-003
   178.29800000000043       0.13692997127606257        3.5264582330568391E-003
   179.19900000000044        3.6385075966590262E-002   1.8711496880449510E-003
